----------------------------------------------------------------------------------------------------
Executing Bramble v.1.0.0
Author: Ivo Filot <i.a.w.filot@tue.nl>
Documentation: https://bramble.imc-tue.nl
----------------------------------------------------------------------------------------------------
Compilation time: May 22 2023 12:59:36
Git Hash: 1c2e04f
----------------------------------------------------------------------------------------------------
Number of atoms: 48
----------------------------------------------------------------------------------------------------
#     atom           x             y             z   color       pattern  fingerprint
----------------------------------------------------------------------------------------------------
0001  Co      3.810546     -0.660171      7.610554  a72424    HCP(11-21)  1(4,2,2)1(3,2,2)1(3,1,1)1(2,1,1)2(2,0,0)
0002  Co      3.740586      4.073047      7.709530  a72424    HCP(11-21)  1(4,2,2)1(3,2,2)1(3,1,1)1(2,1,1)2(2,0,0)
0003  Co      1.976955      0.571096      8.648905  a72424    HCP(11-21)  3(4,2,2)2(4,2,1)1(3,2,2)3(3,1,1)1(2,0,0)
0004  Co      1.897765      5.352941      8.661025  a72424    HCP(11-21)  3(4,2,2)2(4,2,1)1(3,2,2)3(3,1,1)1(2,0,0)
0005  Co      0.189433      1.908735      9.902833  cd1212      HCP bulk  6(4,2,2)6(4,2,1)
0006  Co      0.168029      6.645793      9.926156  cd1212      HCP bulk  6(4,2,2)6(4,2,1)
0007  Co      7.684312     -2.686362      7.688474  a72424    HCP(11-21)  1(4,2,2)1(3,2,2)1(3,1,1)1(2,1,1)2(2,0,0)
0008  Co      7.518976      2.095552      7.644121  a72424    HCP(11-21)  1(4,2,2)1(3,2,2)1(3,1,1)1(2,1,1)2(2,0,0)
0009  Co      5.797700     -1.353450      8.664054  a72424    HCP(11-21)  3(4,2,2)2(4,2,1)1(3,2,2)3(3,1,1)1(2,0,0)
0010  Co      5.751478      3.382846      8.712483  a72424    HCP(11-21)  3(4,2,2)2(4,2,1)1(3,2,2)3(3,1,1)1(2,0,0)
0011  Co      4.012030     -0.065299      9.896270  cd1212      HCP bulk  6(4,2,2)6(4,2,1)
0012  Co      4.004269      4.684700      9.936931  cd1212      HCP bulk  6(4,2,2)6(4,2,1)
0013  Co      2.271563      1.265690     11.088835  cd1212      HCP bulk  6(4,2,2)6(4,2,1)
0014  Co      2.239254      5.989902     11.086904  cd1212      HCP bulk  6(4,2,2)6(4,2,1)
0015  Co      0.529500      2.573367     12.372792  a72424    HCP(11-21)  3(4,2,2)4(4,2,1)1(3,2,2)2(3,1,1)1(3,0,0)
0016  Co      0.516629      7.332281     12.359231  a72424    HCP(11-21)  3(4,2,2)4(4,2,1)1(3,2,2)2(3,1,1)1(3,0,0)
0017  Co      6.122317     -0.728325     11.085389  cd1212      HCP bulk  6(4,2,2)6(4,2,1)
0018  Co      6.102395      4.034584     11.067144  cd1212      HCP bulk  6(4,2,2)6(4,2,1)
0019  Co      4.395721      0.588033     12.250446  a72424    HCP(11-21)  3(4,2,2)4(4,2,1)1(3,2,2)2(3,1,1)1(3,0,0)
0020  Co      4.352049      5.332994     12.380740  a72424    HCP(11-21)  3(4,2,2)4(4,2,1)1(3,2,2)2(3,1,1)1(3,0,0)
0021  Co      2.608498      1.904113     13.446673  a72424    HCP(11-21)  1(4,2,2)1(4,2,1)1(3,2,2)2(3,1,1)1(3,0,0)1(2,1,1)1(2,0,0)
0022  Co      2.617157      6.656903     13.369873  a72424    HCP(11-21)  1(4,2,2)1(4,2,1)1(3,2,2)2(3,1,1)1(3,0,0)1(2,1,1)1(2,0,0)
0023  Co      6.386291     -0.061239     13.452359  a72424    HCP(11-21)  1(4,2,2)1(4,2,1)1(3,2,2)2(3,1,1)1(3,0,0)1(2,1,1)1(2,0,0)
0024  Co      6.468642      4.640786     13.375854  a72424    HCP(11-21)  1(4,2,2)1(4,2,1)1(3,2,2)2(3,1,1)1(3,0,0)1(2,1,1)1(2,0,0)
0025  Co      0.226813      3.631587      8.103227  a72424    HCP(11-21)  1(4,2,2)1(4,2,1)1(3,2,2)2(3,1,1)1(3,0,0)1(2,1,1)1(2,0,0)
0026  Co      0.218154      8.351897      8.180027  a72424    HCP(11-21)  1(4,2,2)1(4,2,1)1(3,2,2)2(3,1,1)1(3,0,0)1(2,1,1)1(2,0,0)
0027  Co      4.136333      1.659554      8.097541  a72424    HCP(11-21)  1(4,2,2)1(4,2,1)1(3,2,2)2(3,1,1)1(3,0,0)1(2,1,1)1(2,0,0)
0028  Co      4.053981      6.430630      8.174046  a72424    HCP(11-21)  1(4,2,2)1(4,2,1)1(3,2,2)2(3,1,1)1(3,0,0)1(2,1,1)1(2,0,0)
0029  Co      2.305811      2.962334      9.177108  a72424    HCP(11-21)  3(4,2,2)4(4,2,1)1(3,2,2)2(3,1,1)1(3,0,0)
0030  Co      2.318682      7.676520      9.190669  a72424    HCP(11-21)  3(4,2,2)4(4,2,1)1(3,2,2)2(3,1,1)1(3,0,0)
0031  Co      0.563748      4.270010     10.461065  cd1212      HCP bulk  6(4,2,2)6(4,2,1)
0032  Co      0.596058      9.018898     10.462996  cd1212      HCP bulk  6(4,2,2)6(4,2,1)
0033  Co      6.126902      1.010282      9.299454  a72424    HCP(11-21)  3(4,2,2)4(4,2,1)1(3,2,2)2(3,1,1)1(3,0,0)
0034  Co      6.170574      5.738421      9.169159  a72424    HCP(11-21)  3(4,2,2)4(4,2,1)1(3,2,2)2(3,1,1)1(3,0,0)
0035  Co      4.400305      2.326640     10.464510  cd1212      HCP bulk  6(4,2,2)6(4,2,1)
0036  Co      2.667282     -1.110093     11.623743  cd1212      HCP bulk  6(4,2,2)6(4,2,1)
0037  Co      4.420228      7.036831     10.482756  cd1212      HCP bulk  6(4,2,2)6(4,2,1)
0038  Co      2.645878      3.626966     11.647067  cd1212      HCP bulk  6(4,2,2)6(4,2,1)
0039  Co      0.937546      0.182760     12.888876  a72424    HCP(11-21)  3(4,2,2)2(4,2,1)1(3,2,2)3(3,1,1)1(2,0,0)
0040  Co      0.858356      4.964604     12.900995  a72424    HCP(11-21)  3(4,2,2)2(4,2,1)1(3,2,2)3(3,1,1)1(2,0,0)
0041  Co      6.518353     -3.086385     11.612969  cd1212      HCP bulk  6(4,2,2)6(4,2,1)
0042  Co      6.510593      1.663614     11.653630  cd1212      HCP bulk  6(4,2,2)6(4,2,1)
0043  Co      4.771145     -1.784530     12.837416  a72424    HCP(11-21)  3(4,2,2)2(4,2,1)1(3,2,2)3(3,1,1)1(2,0,0)
0044  Co      4.724922      2.951765     12.885846  a72424    HCP(11-21)  3(4,2,2)2(4,2,1)1(3,2,2)3(3,1,1)1(2,0,0)
0045  Co      3.003647     -0.497237     13.905779  a72424    HCP(11-21)  1(4,2,2)1(3,2,2)1(3,1,1)1(2,1,1)2(2,0,0)
0046  Co      2.838310      4.284677     13.861425  a72424    HCP(11-21)  1(4,2,2)1(3,2,2)1(3,1,1)1(2,1,1)2(2,0,0)
0047  Co      6.782037     -2.474732     13.840369  a72424    HCP(11-21)  1(4,2,2)1(3,2,2)1(3,1,1)1(2,1,1)2(2,0,0)
0048  Co      6.712077      2.258486     13.939345  a72424    HCP(11-21)  1(4,2,2)1(3,2,2)1(3,1,1)1(2,1,1)2(2,0,0)
----------------------------------------------------------------------------------------------------

Statistics
----------------------------------------------------------------------------------------------------
 #atom    perc      pattern fingerprint
----------------------------------------------------------------------------------------------------
    16  33.33%     HCP bulk 6(4,2,2)6(4,2,1)
     8  16.67%   HCP(11-21) 1(4,2,2)1(4,2,1)1(3,2,2)2(3,1,1)1(3,0,0)1(2,1,1)1(2,0,0)
     8  16.67%   HCP(11-21) 3(4,2,2)4(4,2,1)1(3,2,2)2(3,1,1)1(3,0,0)
     8  16.67%   HCP(11-21) 3(4,2,2)2(4,2,1)1(3,2,2)3(3,1,1)1(2,0,0)
     8  16.67%   HCP(11-21) 1(4,2,2)1(3,2,2)1(3,1,1)1(2,1,1)2(2,0,0)

----------------------------------------------------------------------------------------------------
ADJACENCY MATRICES
----------------------------------------------------------------------------------------------------

----------------------------------------------------------------------------------------------------
Atom 1 ( 3 9 11 27 /28/ /30/ )
----------------------------------------------------------------------------------------------------
0 0 1 1 0 1
0 0 1 0 1 0
1 1 0 1 0 1
1 0 1 0 0 0
0 1 0 0 0 1
1 0 1 0 1 0

----------------------------------------------------------------------------------------------------
Atom 2 ( 4 10 12 27 28 29 )
----------------------------------------------------------------------------------------------------
0 0 1 0 1 1
0 0 1 1 0 0
1 1 0 0 1 1
0 1 0 0 0 1
1 0 1 0 0 0
1 0 1 1 0 0

----------------------------------------------------------------------------------------------------
Atom 3 ( 1 5 11 13 27 29 /7/ /26/ /30/ /32/ )
----------------------------------------------------------------------------------------------------
0 0 1 0 1 0 0 0 1 0
0 0 0 1 0 1 1 0 0 1
1 0 0 1 1 0 0 0 1 0
0 1 1 0 0 1 0 0 0 1
1 0 1 0 0 1 0 0 0 0
0 1 0 1 1 0 0 0 0 0
0 1 0 0 0 0 0 1 0 0
0 0 0 0 0 0 1 0 1 1
1 0 1 0 0 0 0 1 0 1
0 1 0 1 0 0 0 1 1 0

----------------------------------------------------------------------------------------------------
Atom 4 ( 2 6 12 14 25 28 29 30 31 /8/ )
----------------------------------------------------------------------------------------------------
0 0 1 0 0 1 1 0 0 0
0 0 0 1 0 0 0 1 1 1
1 0 0 1 0 1 1 0 0 0
0 1 1 0 0 0 0 1 1 0
0 0 0 0 0 0 1 0 1 1
1 0 1 0 0 0 0 1 0 0
1 0 1 0 1 0 0 0 1 0
0 1 0 1 0 1 0 0 0 0
0 1 0 1 1 0 1 0 0 0
0 1 0 0 1 0 0 0 0 0

----------------------------------------------------------------------------------------------------
Atom 5 ( 3 13 15 25 29 31 /34/ /7/ /9/ /17/ /41/ /32/ )
----------------------------------------------------------------------------------------------------
0 1 0 0 1 0 0 1 0 0 0 1
1 0 1 0 1 0 0 0 0 0 0 1
0 1 0 0 0 1 0 0 0 1 1 0
0 0 0 0 1 1 0 1 1 0 0 0
1 1 0 1 0 1 0 0 0 0 0 0
0 0 1 1 1 0 0 0 0 1 0 0
0 0 0 0 0 0 0 1 1 0 1 1
1 0 0 1 0 0 1 0 1 0 0 0
0 0 0 1 0 0 1 1 0 1 0 0
0 0 1 0 0 1 0 0 1 0 1 0
0 0 1 0 0 0 1 0 0 1 0 1
1 1 0 0 0 0 1 0 0 0 1 0

----------------------------------------------------------------------------------------------------
Atom 6 ( 4 14 16 26 30 31 32 /8/ /10/ /18/ /33/ /42/ )
----------------------------------------------------------------------------------------------------
0 1 0 0 1 1 0 1 0 0 0 0
1 0 1 0 1 1 0 0 0 0 0 0
0 1 0 0 0 0 1 0 0 1 0 1
0 0 0 0 1 0 1 1 1 0 0 0
1 1 0 1 0 0 1 0 0 0 0 0
1 1 0 0 0 0 0 0 0 0 1 1
0 0 1 1 1 0 0 0 0 1 0 0
1 0 0 1 0 0 0 0 1 0 1 0
0 0 0 1 0 0 0 1 0 1 1 0
0 0 1 0 0 0 1 0 1 0 0 1
0 0 0 0 0 1 0 1 1 0 0 1
0 0 1 0 0 1 0 0 0 1 1 0

----------------------------------------------------------------------------------------------------
Atom 7 ( 9 /34/ /26/ /3/ /5/ /25/ )
----------------------------------------------------------------------------------------------------
0 1 0 0 1 1
1 0 1 0 1 0
0 1 0 1 0 0
0 0 1 0 1 0
1 1 0 1 0 1
1 0 0 0 1 0

----------------------------------------------------------------------------------------------------
Atom 8 ( 10 33 /4/ /6/ /25/ /26/ )
----------------------------------------------------------------------------------------------------
0 1 0 1 0 1
1 0 0 1 1 0
0 0 0 1 1 0
1 1 1 0 0 1
0 1 1 0 0 0
1 0 0 1 0 0

----------------------------------------------------------------------------------------------------
Atom 9 ( 1 7 11 17 33 /28/ /34/ /37/ /5/ /25/ )
----------------------------------------------------------------------------------------------------
0 0 1 0 0 1 0 0 0 0
0 0 0 0 0 0 1 0 1 1
1 0 0 1 1 0 0 1 0 0
0 0 1 0 1 0 0 1 1 0
0 0 1 1 0 0 0 0 0 1
1 0 0 0 0 0 1 1 0 0
0 1 0 0 0 1 0 1 1 0
0 0 1 1 0 1 1 0 0 0
0 1 0 1 0 0 1 0 0 1
0 1 0 0 1 0 0 0 1 0

----------------------------------------------------------------------------------------------------
Atom 10 ( 2 8 12 18 27 33 34 35 /6/ /26/ )
----------------------------------------------------------------------------------------------------
0 0 1 0 1 0 0 0 0 0
0 0 0 0 0 1 0 0 1 1
1 0 0 1 0 0 1 1 0 0
0 0 1 0 0 0 1 1 1 0
1 0 0 0 0 1 0 1 0 0
0 1 0 0 1 0 0 1 1 0
0 0 1 1 0 0 0 0 0 1
0 0 1 1 1 1 0 0 0 0
0 1 0 1 0 1 0 0 0 1
0 1 0 0 0 0 1 0 1 0

----------------------------------------------------------------------------------------------------
Atom 11 ( 1 3 9 13 17 19 27 33 35 36 /30/ /37/ )
----------------------------------------------------------------------------------------------------
0 1 1 0 0 0 1 0 0 0 1 0
1 0 0 1 0 0 1 0 0 0 1 0
1 0 0 0 1 0 0 1 0 0 0 1
0 1 0 0 0 1 0 0 1 1 0 0
0 0 1 0 0 1 0 1 0 0 0 1
0 0 0 1 1 0 0 0 1 1 0 0
1 1 0 0 0 0 0 1 1 0 0 0
0 0 1 0 1 0 1 0 1 0 0 0
0 0 0 1 0 1 1 1 0 0 0 0
0 0 0 1 0 1 0 0 0 0 1 1
1 1 0 0 0 0 0 0 0 1 0 1
0 0 1 0 1 0 0 0 0 1 1 0

----------------------------------------------------------------------------------------------------
Atom 12 ( 2 4 10 14 18 20 28 29 34 35 37 38 )
----------------------------------------------------------------------------------------------------
0 1 1 0 0 0 1 1 0 0 0 0
1 0 0 1 0 0 1 1 0 0 0 0
1 0 0 0 1 0 0 0 1 1 0 0
0 1 0 0 0 1 0 0 0 0 1 1
0 0 1 0 0 1 0 0 1 1 0 0
0 0 0 1 1 0 0 0 0 0 1 1
1 1 0 0 0 0 0 0 1 0 1 0
1 1 0 0 0 0 0 0 0 1 0 1
0 0 1 0 1 0 1 0 0 0 1 0
0 0 1 0 1 0 0 1 0 0 0 1
0 0 0 1 0 1 1 0 1 0 0 0
0 0 0 1 0 1 0 1 0 1 0 0

----------------------------------------------------------------------------------------------------
Atom 13 ( 3 5 11 15 19 21 29 35 36 38 39 /32/ )
----------------------------------------------------------------------------------------------------
0 1 1 0 0 0 1 0 0 0 0 1
1 0 0 1 0 0 1 0 0 0 0 1
1 0 0 0 1 0 0 1 1 0 0 0
0 1 0 0 0 1 0 0 0 1 1 0
0 0 1 0 0 1 0 1 1 0 0 0
0 0 0 1 1 0 0 0 0 1 1 0
1 1 0 0 0 0 0 1 0 1 0 0
0 0 1 0 1 0 1 0 0 1 0 0
0 0 1 0 1 0 0 0 0 0 1 1
0 0 0 1 0 1 1 1 0 0 0 0
0 0 0 1 0 1 0 0 1 0 0 1
1 1 0 0 0 0 0 0 1 0 1 0

----------------------------------------------------------------------------------------------------
Atom 14 ( 4 6 12 16 20 22 30 31 37 38 40 /36/ )
----------------------------------------------------------------------------------------------------
0 1 1 0 0 0 1 1 0 0 0 0
1 0 0 1 0 0 1 1 0 0 0 0
1 0 0 0 1 0 0 0 1 1 0 0
0 1 0 0 0 1 0 0 0 0 1 1
0 0 1 0 0 1 0 0 1 1 0 0
0 0 0 1 1 0 0 0 0 0 1 1
1 1 0 0 0 0 0 0 1 0 0 1
1 1 0 0 0 0 0 0 0 1 1 0
0 0 1 0 1 0 1 0 0 0 0 1
0 0 1 0 1 0 0 1 0 0 1 0
0 0 0 1 0 1 0 1 0 1 0 0
0 0 0 1 0 1 1 0 1 0 0 0

----------------------------------------------------------------------------------------------------
Atom 15 ( 5 13 21 31 38 39 40 /17/ /23/ /41/ /47/ )
----------------------------------------------------------------------------------------------------
0 1 0 1 0 0 0 1 0 1 0
1 0 1 0 1 1 0 0 0 0 0
0 1 0 0 1 1 0 0 0 0 0
1 0 0 0 1 0 1 1 0 0 0
0 1 1 1 0 0 1 0 0 0 0
0 1 1 0 0 0 0 0 0 1 1
0 0 0 1 1 0 0 0 1 0 0
1 0 0 1 0 0 0 0 1 1 0
0 0 0 0 0 0 1 1 0 0 1
1 0 0 0 0 1 0 1 0 0 1
0 0 0 0 0 1 0 0 1 1 0

----------------------------------------------------------------------------------------------------
Atom 16 ( 6 14 22 32 40 /18/ /24/ /42/ /0/ /36/ /39/ )
----------------------------------------------------------------------------------------------------
0 1 0 1 0 1 0 1 0 0 0
1 0 1 0 1 0 0 0 0 1 0
0 1 0 0 1 0 0 0 0 1 0
1 0 0 0 0 1 0 0 0 1 1
0 1 1 0 0 0 0 1 1 0 0
1 0 0 1 0 0 1 1 0 0 0
0 0 0 0 0 1 0 0 1 0 1
1 0 0 0 1 1 0 0 1 0 0
0 0 0 0 1 0 1 1 0 0 0
0 1 1 1 0 0 0 0 0 0 1
0 0 0 1 0 0 1 0 0 1 0

----------------------------------------------------------------------------------------------------
Atom 17 ( 9 11 19 23 33 41 42 43 /37/ /5/ /15/ /31/ )
----------------------------------------------------------------------------------------------------
0 1 0 0 1 0 0 0 1 1 0 0
1 0 1 0 1 0 0 0 1 0 0 0
0 1 0 1 0 0 1 1 0 0 0 0
0 0 1 0 0 0 1 1 0 0 1 0
1 1 0 0 0 0 1 0 0 0 0 1
0 0 0 0 0 0 0 1 1 1 1 0
0 0 1 1 1 0 0 0 0 0 0 1
0 0 1 1 0 1 0 0 1 0 0 0
1 1 0 0 0 1 0 1 0 0 0 0
1 0 0 0 0 1 0 0 0 0 1 1
0 0 0 1 0 1 0 0 0 1 0 1
0 0 0 0 1 0 1 0 0 1 1 0

----------------------------------------------------------------------------------------------------
Atom 18 ( 10 12 20 24 34 35 42 44 /41/ /6/ /16/ /32/ )
----------------------------------------------------------------------------------------------------
0 1 0 0 1 1 0 0 0 1 0 0
1 0 1 0 1 1 0 0 0 0 0 0
0 1 0 1 0 0 0 1 1 0 0 0
0 0 1 0 0 0 0 1 1 0 1 0
1 1 0 0 0 0 0 0 1 0 0 1
1 1 0 0 0 0 1 1 0 0 0 0
0 0 0 0 0 1 0 1 0 1 1 0
0 0 1 1 0 1 1 0 0 0 0 0
0 0 1 1 1 0 0 0 0 0 0 1
1 0 0 0 0 0 1 0 0 0 1 1
0 0 0 1 0 0 1 0 0 1 0 1
0 0 0 0 1 0 0 0 1 1 1 0

----------------------------------------------------------------------------------------------------
Atom 19 ( 11 13 17 21 23 35 36 42 43 44 45 )
----------------------------------------------------------------------------------------------------
0 1 1 0 0 1 1 0 0 0 0
1 0 0 1 0 1 1 0 0 0 0
1 0 0 0 1 0 0 1 1 0 0
0 1 0 0 0 0 0 0 0 1 1
0 0 1 0 0 0 0 1 1 0 0
1 1 0 0 0 0 0 1 0 1 0
1 1 0 0 0 0 0 0 1 0 1
0 0 1 0 1 1 0 0 0 1 0
0 0 1 0 1 0 1 0 0 0 1
0 0 0 1 0 1 0 1 0 0 0
0 0 0 1 0 0 1 0 1 0 0

----------------------------------------------------------------------------------------------------
Atom 20 ( 12 14 18 22 24 37 38 44 46 /41/ /43/ )
----------------------------------------------------------------------------------------------------
0 1 1 0 0 1 1 0 0 0 0
1 0 0 1 0 1 1 0 0 0 0
1 0 0 0 1 0 0 1 0 1 0
0 1 0 0 0 0 0 0 1 0 1
0 0 1 0 0 0 0 1 0 1 0
1 1 0 0 0 0 0 0 0 1 1
1 1 0 0 0 0 0 1 1 0 0
0 0 1 0 1 0 1 0 1 0 0
0 0 0 1 0 0 1 1 0 0 0
0 0 1 0 1 1 0 0 0 0 1
0 0 0 1 0 1 0 0 0 1 0

----------------------------------------------------------------------------------------------------
Atom 21 ( 13 15 19 38 39 44 45 46 )
----------------------------------------------------------------------------------------------------
0 1 1 1 1 0 0 0
1 0 0 1 1 0 0 0
1 0 0 0 0 1 1 0
1 1 0 0 0 1 0 1
1 1 0 0 0 0 1 0
0 0 1 1 0 0 0 1
0 0 1 0 1 0 0 0
0 0 0 1 0 1 0 0

----------------------------------------------------------------------------------------------------
Atom 22 ( 14 16 20 40 46 /36/ /43/ /45/ )
----------------------------------------------------------------------------------------------------
0 1 1 1 0 1 0 0
1 0 0 1 0 1 0 0
1 0 0 0 1 0 1 0
1 1 0 0 1 0 0 0
0 0 1 1 0 0 0 0
1 1 0 0 0 0 1 1
0 0 1 0 0 1 0 1
0 0 0 0 0 1 1 0

----------------------------------------------------------------------------------------------------
Atom 23 ( 17 19 42 43 47 48 /15/ /40/ )
----------------------------------------------------------------------------------------------------
0 1 1 1 0 0 1 0
1 0 1 1 0 0 0 0
1 1 0 0 0 1 0 1
1 1 0 0 1 0 0 0
0 0 0 1 0 0 1 0
0 0 1 0 0 0 0 1
1 0 0 0 1 0 0 1
0 0 1 0 0 1 1 0

----------------------------------------------------------------------------------------------------
Atom 24 ( 18 20 44 48 /41/ /47/ /16/ /39/ )
----------------------------------------------------------------------------------------------------
0 1 1 0 1 0 1 0
1 0 1 0 1 0 0 0
1 1 0 1 0 0 0 0
0 0 1 0 0 0 1 0
1 1 0 0 0 1 0 1
0 0 0 0 1 0 0 1
1 0 0 1 0 0 0 1
0 0 0 0 1 1 1 0

----------------------------------------------------------------------------------------------------
Atom 25 ( 4 5 29 31 /7/ /8/ /9/ /33/ )
----------------------------------------------------------------------------------------------------
0 0 1 1 0 1 0 0
0 0 1 1 1 0 1 0
1 1 0 1 0 0 0 0
1 1 1 0 0 0 0 1
0 1 0 0 0 0 1 0
1 0 0 0 0 0 0 1
0 1 0 0 1 0 0 1
0 0 0 1 0 1 1 0

----------------------------------------------------------------------------------------------------
Atom 26 ( 6 30 32 /8/ /10/ /34/ /7/ /3/ )
----------------------------------------------------------------------------------------------------
0 1 1 1 1 0 0 0
1 0 1 0 0 0 0 1
1 1 0 0 0 1 0 1
1 0 0 0 1 0 0 0
1 0 0 1 0 1 0 0
0 0 1 0 1 0 1 0
0 0 0 0 0 1 0 1
0 1 1 0 0 0 1 0

----------------------------------------------------------------------------------------------------
Atom 27 ( 1 2 3 10 11 29 33 35 )
----------------------------------------------------------------------------------------------------
0 0 1 0 1 0 0 0
0 0 0 1 0 1 0 0
1 0 0 0 1 1 0 0
0 1 0 0 0 0 1 1
1 0 1 0 0 0 1 1
0 1 1 0 0 0 0 1
0 0 0 1 1 0 0 1
0 0 0 1 1 1 1 0

----------------------------------------------------------------------------------------------------
Atom 28 ( 2 4 12 30 34 37 /1/ /9/ )
----------------------------------------------------------------------------------------------------
0 1 1 0 0 0 0 0
1 0 1 1 0 0 0 0
1 1 0 0 1 1 0 0
0 1 0 0 0 1 1 0
0 0 1 0 0 1 0 1
0 0 1 1 1 0 0 1
0 0 0 1 0 0 0 1
0 0 0 0 1 1 1 0

----------------------------------------------------------------------------------------------------
Atom 29 ( 2 3 4 5 12 13 25 27 31 35 38 )
----------------------------------------------------------------------------------------------------
0 0 1 0 1 0 0 1 0 0 0
0 0 0 1 0 1 0 1 0 0 0
1 0 0 0 1 0 1 0 1 0 0
0 1 0 0 0 1 1 0 1 0 0
1 0 1 0 0 0 0 0 0 1 1
0 1 0 1 0 0 0 0 0 1 1
0 0 1 1 0 0 0 0 1 0 0
1 1 0 0 0 0 0 0 0 1 0
0 0 1 1 0 0 1 0 0 0 1
0 0 0 0 1 1 0 1 0 0 1
0 0 0 0 1 1 0 0 1 1 0

----------------------------------------------------------------------------------------------------
Atom 30 ( 4 6 14 26 28 32 37 /1/ /3/ /11/ /36/ )
----------------------------------------------------------------------------------------------------
0 1 1 0 1 0 0 0 0 0 0
1 0 1 1 0 1 0 0 0 0 0
1 1 0 0 0 0 1 0 0 0 1
0 1 0 0 0 1 0 0 1 0 0
1 0 0 0 0 0 1 1 0 0 0
0 1 0 1 0 0 0 0 1 0 1
0 0 1 0 1 0 0 0 0 1 1
0 0 0 0 1 0 0 0 1 1 0
0 0 0 1 0 1 0 1 0 1 0
0 0 0 0 0 0 1 1 1 0 1
0 0 1 0 0 1 1 0 0 1 0

----------------------------------------------------------------------------------------------------
Atom 31 ( 4 5 6 14 15 25 29 38 40 /17/ /33/ /42/ )
----------------------------------------------------------------------------------------------------
0 0 1 1 0 1 1 0 0 0 0 0
0 0 0 0 1 1 1 0 0 1 0 0
1 0 0 1 0 0 0 0 0 0 1 1
1 0 1 0 0 0 0 1 1 0 0 0
0 1 0 0 0 0 0 1 1 1 0 0
1 1 0 0 0 0 1 0 0 0 1 0
1 1 0 0 0 1 0 1 0 0 0 0
0 0 0 1 1 0 1 0 1 0 0 0
0 0 0 1 1 0 0 1 0 0 0 1
0 1 0 0 1 0 0 0 0 0 1 1
0 0 1 0 0 1 0 0 0 1 0 1
0 0 1 0 0 0 0 0 1 1 1 0

----------------------------------------------------------------------------------------------------
Atom 32 ( 6 16 26 30 /18/ /34/ /41/ /3/ /5/ /13/ /36/ /39/ )
----------------------------------------------------------------------------------------------------
0 1 1 1 1 0 0 0 0 0 0 0
1 0 0 0 1 0 0 0 0 0 1 1
1 0 0 1 0 1 0 1 0 0 0 0
1 0 1 0 0 0 0 1 0 0 1 0
1 1 0 0 0 1 1 0 0 0 0 0
0 0 1 0 1 0 1 0 1 0 0 0
0 0 0 0 1 1 0 0 1 0 0 1
0 0 1 1 0 0 0 0 1 1 0 0
0 0 0 0 0 1 1 1 0 1 0 0
0 0 0 0 0 0 0 1 1 0 1 1
0 1 0 1 0 0 0 0 0 1 0 1
0 1 0 0 0 0 1 0 0 1 1 0

----------------------------------------------------------------------------------------------------
Atom 33 ( 8 9 10 11 17 27 35 42 /6/ /25/ /31/ )
----------------------------------------------------------------------------------------------------
0 0 1 0 0 0 0 0 1 1 0
0 0 0 1 1 0 0 0 0 1 0
1 0 0 0 0 1 1 0 1 0 0
0 1 0 0 1 1 1 0 0 0 0
0 1 0 1 0 0 0 1 0 0 1
0 0 1 1 0 0 1 0 0 0 0
0 0 1 1 0 1 0 1 0 0 0
0 0 0 0 1 0 1 0 1 0 1
1 0 1 0 0 0 0 1 0 0 1
1 1 0 0 0 0 0 0 0 0 1
0 0 0 0 1 0 0 1 1 1 0

----------------------------------------------------------------------------------------------------
Atom 34 ( 10 12 18 28 37 /7/ /9/ /41/ /26/ /32/ /5/ )
----------------------------------------------------------------------------------------------------
0 1 1 0 0 0 0 0 1 0 0
1 0 1 1 1 0 0 0 0 0 0
1 1 0 0 0 0 0 1 0 1 0
0 1 0 0 1 0 1 0 0 0 0
0 1 0 1 0 0 1 1 0 0 0
0 0 0 0 0 0 1 0 1 0 1
0 0 0 1 1 1 0 0 0 0 1
0 0 1 0 1 0 0 0 0 1 1
1 0 0 0 0 1 0 0 0 1 0
0 0 1 0 0 0 0 1 1 0 1
0 0 0 0 0 1 1 1 0 1 0

----------------------------------------------------------------------------------------------------
Atom 35 ( 10 11 12 13 18 19 27 29 33 38 42 44 )
----------------------------------------------------------------------------------------------------
0 0 1 0 1 0 1 0 1 0 0 0
0 0 0 1 0 1 1 0 1 0 0 0
1 0 0 0 1 0 0 1 0 1 0 0
0 1 0 0 0 1 0 1 0 1 0 0
1 0 1 0 0 0 0 0 0 0 1 1
0 1 0 1 0 0 0 0 0 0 1 1
1 1 0 0 0 0 0 1 1 0 0 0
0 0 1 1 0 0 1 0 0 1 0 0
1 1 0 0 0 0 1 0 0 0 1 0
0 0 1 1 0 0 0 1 0 0 0 1
0 0 0 0 1 1 0 0 1 0 0 1
0 0 0 0 1 1 0 0 0 1 1 0

----------------------------------------------------------------------------------------------------
Atom 36 ( 11 13 19 39 43 45 /14/ /16/ /22/ /30/ /32/ /37/ )
----------------------------------------------------------------------------------------------------
0 1 1 0 0 0 0 0 0 1 0 1
1 0 1 1 0 0 0 0 0 0 1 0
1 1 0 0 1 1 0 0 0 0 0 0
0 1 0 0 0 1 0 1 0 0 1 0
0 0 1 0 0 1 0 0 1 0 0 1
0 0 1 1 1 0 0 0 1 0 0 0
0 0 0 0 0 0 0 1 1 1 0 1
0 0 0 1 0 0 1 0 1 0 1 0
0 0 0 0 1 1 1 1 0 0 0 0
1 0 0 0 0 0 1 0 0 0 1 1
0 1 0 1 0 0 0 1 0 1 0 0
1 0 0 0 1 0 1 0 0 1 0 0

----------------------------------------------------------------------------------------------------
Atom 37 ( 12 14 20 28 30 34 /9/ /11/ /17/ /36/ /41/ /43/ )
----------------------------------------------------------------------------------------------------
0 1 1 1 0 1 0 0 0 0 0 0
1 0 1 0 1 0 0 0 0 1 0 0
1 1 0 0 0 0 0 0 0 0 1 1
1 0 0 0 1 1 1 0 0 0 0 0
0 1 0 1 0 0 0 1 0 1 0 0
1 0 0 1 0 0 1 0 0 0 1 0
0 0 0 1 0 1 0 1 1 0 0 0
0 0 0 0 1 0 1 0 1 1 0 0
0 0 0 0 0 0 1 1 0 0 1 1
0 1 0 0 1 0 0 1 0 0 0 1
0 0 1 0 0 1 0 0 1 0 0 1
0 0 1 0 0 0 0 0 1 1 1 0

----------------------------------------------------------------------------------------------------
Atom 38 ( 12 13 14 15 20 21 29 31 35 40 44 46 )
----------------------------------------------------------------------------------------------------
0 0 1 0 1 0 1 0 1 0 0 0
0 0 0 1 0 1 1 0 1 0 0 0
1 0 0 0 1 0 0 1 0 1 0 0
0 1 0 0 0 1 0 1 0 1 0 0
1 0 1 0 0 0 0 0 0 0 1 1
0 1 0 1 0 0 0 0 0 0 1 1
1 1 0 0 0 0 0 1 1 0 0 0
0 0 1 1 0 0 1 0 0 1 0 0
1 1 0 0 0 0 1 0 0 0 1 0
0 0 1 1 0 0 0 1 0 0 0 1
0 0 0 0 1 1 0 0 1 0 0 1
0 0 0 0 1 1 0 0 0 1 1 0

----------------------------------------------------------------------------------------------------
Atom 39 ( 13 15 21 36 45 /24/ /41/ /47/ /16/ /32/ )
----------------------------------------------------------------------------------------------------
0 1 1 1 0 0 0 0 0 1
1 0 1 0 0 0 1 1 0 0
1 1 0 0 1 0 0 0 0 0
1 0 0 0 1 0 0 0 1 1
0 0 1 1 0 0 0 0 0 0
0 0 0 0 0 0 1 1 1 0
0 1 0 0 0 1 0 1 0 1
0 1 0 0 0 1 1 0 0 0
0 0 0 1 0 1 0 0 0 1
1 0 0 1 0 0 1 0 1 0

----------------------------------------------------------------------------------------------------
Atom 40 ( 14 15 16 22 31 38 46 /23/ /42/ /0/ )
----------------------------------------------------------------------------------------------------
0 0 1 1 1 1 0 0 0 0
0 0 0 0 1 1 0 1 0 0
1 0 0 1 0 0 0 0 1 1
1 0 1 0 0 0 1 0 0 0
1 1 0 0 0 1 0 0 1 0
1 1 0 0 1 0 1 0 0 0
0 0 0 1 0 1 0 0 0 0
0 1 0 0 0 0 0 0 1 1
0 0 1 0 1 0 0 1 0 1
0 0 1 0 0 0 0 1 1 0

----------------------------------------------------------------------------------------------------
Atom 41 ( 17 43 47 /18/ /20/ /24/ /34/ /37/ /32/ /5/ /15/ /39/ )
----------------------------------------------------------------------------------------------------
0 1 0 0 0 0 0 1 0 1 1 0
1 0 1 0 1 0 0 1 0 0 0 0
0 1 0 0 0 1 0 0 0 0 1 1
0 0 0 0 1 1 1 0 1 0 0 0
0 1 0 1 0 1 0 1 0 0 0 0
0 0 1 1 1 0 0 0 0 0 0 1
0 0 0 1 0 0 0 1 1 1 0 0
1 1 0 0 1 0 1 0 0 0 0 0
0 0 0 1 0 0 1 0 0 1 0 1
1 0 0 0 0 0 1 0 1 0 1 0
1 0 1 0 0 0 0 0 0 1 0 1
0 0 1 0 0 1 0 0 1 0 1 0

----------------------------------------------------------------------------------------------------
Atom 42 ( 17 18 19 23 33 35 44 48 /6/ /16/ /31/ /40/ )
----------------------------------------------------------------------------------------------------
0 0 1 1 1 0 0 0 0 0 1 0
0 0 0 0 0 1 1 0 1 1 0 0
1 0 0 1 0 1 1 0 0 0 0 0
1 0 1 0 0 0 0 1 0 0 0 1
1 0 0 0 0 1 0 0 1 0 1 0
0 1 1 0 1 0 1 0 0 0 0 0
0 1 1 0 0 1 0 1 0 0 0 0
0 0 0 1 0 0 1 0 0 1 0 1
0 1 0 0 1 0 0 0 0 1 1 0
0 1 0 0 0 0 0 1 1 0 0 1
1 0 0 0 1 0 0 0 1 0 0 1
0 0 0 1 0 0 0 1 0 1 1 0

----------------------------------------------------------------------------------------------------
Atom 43 ( 17 19 23 36 41 45 47 /20/ /22/ /37/ )
----------------------------------------------------------------------------------------------------
0 1 1 0 1 0 0 0 0 1
1 0 1 1 0 1 0 0 0 0
1 1 0 0 0 0 1 0 0 0
0 1 0 0 0 1 0 0 1 1
1 0 0 0 0 0 1 1 0 1
0 1 0 1 0 0 0 0 1 0
0 0 1 0 1 0 0 0 0 0
0 0 0 0 1 0 0 0 1 1
0 0 0 1 0 1 0 1 0 0
1 0 0 1 1 0 0 1 0 0

----------------------------------------------------------------------------------------------------
Atom 44 ( 18 19 20 21 24 35 38 42 46 48 )
----------------------------------------------------------------------------------------------------
0 0 1 0 1 1 0 1 0 0
0 0 0 1 0 1 0 1 0 0
1 0 0 0 1 0 1 0 1 0
0 1 0 0 0 0 1 0 1 0
1 0 1 0 0 0 0 0 0 1
1 1 0 0 0 0 1 1 0 0
0 0 1 1 0 1 0 0 1 0
1 1 0 0 0 1 0 0 0 1
0 0 1 1 0 0 1 0 0 0
0 0 0 0 1 0 0 1 0 0

----------------------------------------------------------------------------------------------------
Atom 45 ( 19 21 36 39 43 /22/ )
----------------------------------------------------------------------------------------------------
0 1 1 0 1 0
1 0 0 1 0 0
1 0 0 1 1 1
0 1 1 0 0 0
1 0 1 0 0 1
0 0 1 0 1 0

----------------------------------------------------------------------------------------------------
Atom 46 ( 20 21 22 38 40 44 )
----------------------------------------------------------------------------------------------------
0 0 1 1 0 1
0 0 0 1 0 1
1 0 0 0 1 0
1 1 0 0 1 1
0 0 1 1 0 0
1 1 0 1 0 0

----------------------------------------------------------------------------------------------------
Atom 47 ( 23 41 43 /24/ /15/ /39/ )
----------------------------------------------------------------------------------------------------
0 0 1 0 1 0
0 0 1 1 1 1
1 1 0 0 0 0
0 1 0 0 0 1
1 1 0 0 0 1
0 1 0 1 1 0

----------------------------------------------------------------------------------------------------
Atom 48 ( 23 24 42 44 /16/ /40/ )
----------------------------------------------------------------------------------------------------
0 0 1 0 0 1
0 0 0 1 1 0
1 0 0 1 1 1
0 1 1 0 0 0
0 1 1 0 0 1
1 0 1 0 1 0

----------------------------------------------------------------------------------------------------
Done
