----------------------------------------------------------------------------------------------------
Executing Bramble v.0.3.0
Author: Ivo Filot <i.a.w.filot@tue.nl>
Documentation: https://bramble.imc-tue.nl
----------------------------------------------------------------------------------------------------
Compilation time: May 19 2023 16:32:07
Git Hash: 64694c5
----------------------------------------------------------------------------------------------------
Number of atoms: 7
----------------------------------------------------------------------------------------------------
0001  0001  09  09           N/A     N/A
0001  0002  09  12     30.770399   33.59 s
0001  0003  09  12     30.770399   33.03 s
0001  0004  09  12     30.770399   33.94 s
0001  0005  09  12     30.770399   33.61 s
0001  0006  09  12     30.770395   33.42 s
0001  0007  09  09      0.000003    0.06 s
0002  0001  12  09     30.770399   33.59 s
0002  0002  12  12           N/A     N/A
0002  0003  12  12      0.000001   33.22 s
0002  0004  12  12      0.000001   34.02 s
0002  0005  12  12      0.000006   33.39 s
0002  0006  12  12      0.000005   33.69 s
0002  0007  12  09     30.770397   33.99 s
0003  0001  12  09     30.770399   33.03 s
0003  0002  12  12      0.000001   33.22 s
0003  0003  12  12           N/A     N/A
0003  0004  12  12      0.000001   33.73 s
0003  0005  12  12      0.000006   33.79 s
0003  0006  12  12      0.000005   32.58 s
0003  0007  12  09     30.770397   33.90 s
0004  0001  12  09     30.770399   33.94 s
0004  0002  12  12      0.000001   34.02 s
0004  0003  12  12      0.000001   33.73 s
0004  0004  12  12           N/A     N/A
0004  0005  12  12      0.000005   32.72 s
0004  0006  12  12      0.000005   32.51 s
0004  0007  12  09     30.770399   33.43 s
0005  0001  12  09     30.770399   33.61 s
0005  0002  12  12      0.000006   33.39 s
0005  0003  12  12      0.000006   33.79 s
0005  0004  12  12      0.000005   32.72 s
0005  0005  12  12           N/A     N/A
0005  0006  12  12      0.000009   33.44 s
0005  0007  12  09     30.770399   32.83 s
0006  0001  12  09     30.770395   33.42 s
0006  0002  12  12      0.000005   33.69 s
0006  0003  12  12      0.000005   32.58 s
0006  0004  12  12      0.000005   32.51 s
0006  0005  12  12      0.000009   33.44 s
0006  0006  12  12           N/A     N/A
0006  0007  12  09     30.770395   32.18 s
0007  0001  09  09      0.000003    0.06 s
0007  0002  09  12     30.770397   33.99 s
0007  0003  09  12     30.770397   33.90 s
0007  0004  09  12     30.770399   33.43 s
0007  0005  09  12     30.770399   32.83 s
0007  0006  09  12     30.770395   32.18 s
0007  0007  09  09           N/A     N/A

----------------------------------------------------------------------------------------------------
DISTANCE MATRICES
----------------------------------------------------------------------------------------------------

----------------------------------------------------------------------------------------------------
Atom 1
----------------------------------------------------------------------------------------------------
0.00000 4.65403 2.68701 3.80000 4.65403 2.68701 2.68701 3.80000 2.68701
4.65403 0.00000 2.68701 2.68701 2.68701 3.80000 4.65403 4.65403 5.37401
2.68701 2.68701 0.00000 2.68701 3.80000 2.68701 3.80000 4.65403 4.65403
3.80000 2.68701 2.68701 0.00000 4.65403 4.65403 2.68701 5.37401 4.65403
4.65403 2.68701 3.80000 4.65403 0.00000 2.68701 5.37401 2.68701 4.65403
2.68701 3.80000 2.68701 4.65403 2.68701 0.00000 4.65403 2.68701 3.80000
2.68701 4.65403 3.80000 2.68701 5.37401 4.65403 0.00000 4.65403 2.68701
3.80000 4.65403 4.65403 5.37401 2.68701 2.68701 4.65403 0.00000 2.68701
2.68701 5.37401 4.65403 4.65403 4.65403 3.80000 2.68701 2.68701 0.00000

----------------------------------------------------------------------------------------------------
Atom 2
----------------------------------------------------------------------------------------------------
0.00000 4.65403 2.68701 3.80000 2.68701 2.68701 4.65403 3.80000 4.65403 2.68701 4.65403 5.37401
4.65403 0.00000 2.68701 2.68701 3.80000 4.65403 3.80000 4.65403 2.68701 5.37401 4.65403 2.68701
2.68701 2.68701 0.00000 2.68701 2.68701 3.80000 4.65403 4.65403 3.80000 4.65403 5.37401 4.65403
3.80000 2.68701 2.68701 0.00000 4.65403 2.68701 2.68701 5.37401 4.65403 4.65403 4.65403 3.80000
2.68701 3.80000 2.68701 4.65403 0.00000 4.65403 5.37401 2.68701 2.68701 3.80000 4.65403 4.65403
2.68701 4.65403 3.80000 2.68701 4.65403 0.00000 2.68701 4.65403 5.37401 2.68701 3.80000 4.65403
4.65403 3.80000 4.65403 2.68701 5.37401 2.68701 0.00000 4.65403 4.65403 3.80000 2.68701 2.68701
3.80000 4.65403 4.65403 5.37401 2.68701 4.65403 4.65403 0.00000 2.68701 2.68701 2.68701 3.80000
4.65403 2.68701 3.80000 4.65403 2.68701 5.37401 4.65403 2.68701 0.00000 4.65403 3.80000 2.68701
2.68701 5.37401 4.65403 4.65403 3.80000 2.68701 3.80000 2.68701 4.65403 0.00000 2.68701 4.65403
4.65403 4.65403 5.37401 4.65403 4.65403 3.80000 2.68701 2.68701 3.80000 2.68701 0.00000 2.68701
5.37401 2.68701 4.65403 3.80000 4.65403 4.65403 2.68701 3.80000 2.68701 4.65403 2.68701 0.00000

----------------------------------------------------------------------------------------------------
Atom 3
----------------------------------------------------------------------------------------------------
0.00000 4.65403 2.68701 4.65403 2.68701 4.65403 5.37401 3.80000 3.80000 4.65403 2.68701 2.68701
4.65403 0.00000 4.65403 3.80000 5.37401 4.65403 2.68701 2.68701 4.65403 2.68701 2.68701 3.80000
2.68701 4.65403 0.00000 2.68701 2.68701 3.80000 4.65403 2.68701 4.65403 5.37401 3.80000 4.65403
4.65403 3.80000 2.68701 0.00000 3.80000 2.68701 2.68701 2.68701 4.65403 4.65403 4.65403 5.37401
2.68701 5.37401 2.68701 3.80000 0.00000 2.68701 4.65403 4.65403 2.68701 4.65403 4.65403 3.80000
4.65403 4.65403 3.80000 2.68701 2.68701 0.00000 2.68701 4.65403 2.68701 3.80000 5.37401 4.65403
5.37401 2.68701 4.65403 2.68701 4.65403 2.68701 0.00000 3.80000 3.80000 2.68701 4.65403 4.65403
3.80000 2.68701 2.68701 2.68701 4.65403 4.65403 3.80000 0.00000 5.37401 4.65403 2.68701 4.65403
3.80000 4.65403 4.65403 4.65403 2.68701 2.68701 3.80000 5.37401 0.00000 2.68701 4.65403 2.68701
4.65403 2.68701 5.37401 4.65403 4.65403 3.80000 2.68701 4.65403 2.68701 0.00000 3.80000 2.68701
2.68701 2.68701 3.80000 4.65403 4.65403 5.37401 4.65403 2.68701 4.65403 3.80000 0.00000 2.68701
2.68701 3.80000 4.65403 5.37401 3.80000 4.65403 4.65403 4.65403 2.68701 2.68701 2.68701 0.00000

----------------------------------------------------------------------------------------------------
Atom 4
----------------------------------------------------------------------------------------------------
0.00000 4.65403 3.80000 4.65403 2.68701 2.68701 4.65403 5.37401 2.68701 2.68701 4.65403 3.80000
4.65403 0.00000 4.65403 2.68701 3.80000 5.37401 4.65403 2.68701 2.68701 4.65403 3.80000 2.68701
3.80000 4.65403 0.00000 2.68701 2.68701 2.68701 2.68701 3.80000 4.65403 4.65403 4.65403 5.37401
4.65403 2.68701 2.68701 0.00000 2.68701 4.65403 3.80000 2.68701 3.80000 5.37401 4.65403 4.65403
2.68701 3.80000 2.68701 2.68701 0.00000 3.80000 4.65403 4.65403 2.68701 4.65403 5.37401 4.65403
2.68701 5.37401 2.68701 4.65403 3.80000 0.00000 2.68701 4.65403 4.65403 2.68701 3.80000 4.65403
4.65403 4.65403 2.68701 3.80000 4.65403 2.68701 0.00000 2.68701 5.37401 3.80000 2.68701 4.65403
5.37401 2.68701 3.80000 2.68701 4.65403 4.65403 2.68701 0.00000 4.65403 4.65403 2.68701 3.80000
2.68701 2.68701 4.65403 3.80000 2.68701 4.65403 5.37401 4.65403 0.00000 3.80000 4.65403 2.68701
2.68701 4.65403 4.65403 5.37401 4.65403 2.68701 3.80000 4.65403 3.80000 0.00000 2.68701 2.68701
4.65403 3.80000 4.65403 4.65403 5.37401 3.80000 2.68701 2.68701 4.65403 2.68701 0.00000 2.68701
3.80000 2.68701 5.37401 4.65403 4.65403 4.65403 4.65403 3.80000 2.68701 2.68701 2.68701 0.00000

----------------------------------------------------------------------------------------------------
Atom 5
----------------------------------------------------------------------------------------------------
0.00000 4.65403 2.68701 3.80000 2.68701 2.68701 4.65403 3.80000 4.65403 2.68701 4.65403 5.37401
4.65403 0.00000 2.68701 2.68701 3.80000 4.65403 3.80000 4.65403 2.68701 5.37401 4.65403 2.68701
2.68701 2.68701 0.00000 2.68701 2.68701 3.80000 4.65403 4.65403 3.80000 4.65403 5.37401 4.65403
3.80000 2.68701 2.68701 0.00000 4.65403 2.68701 2.68701 5.37401 4.65403 4.65403 4.65403 3.80000
2.68701 3.80000 2.68701 4.65403 0.00000 4.65403 5.37401 2.68701 2.68701 3.80000 4.65403 4.65403
2.68701 4.65403 3.80000 2.68701 4.65403 0.00000 2.68701 4.65403 5.37401 2.68701 3.80000 4.65403
4.65403 3.80000 4.65403 2.68701 5.37401 2.68701 0.00000 4.65403 4.65403 3.80000 2.68701 2.68701
3.80000 4.65403 4.65403 5.37401 2.68701 4.65403 4.65403 0.00000 2.68701 2.68701 2.68701 3.80000
4.65403 2.68701 3.80000 4.65403 2.68701 5.37401 4.65403 2.68701 0.00000 4.65403 3.80000 2.68701
2.68701 5.37401 4.65403 4.65403 3.80000 2.68701 3.80000 2.68701 4.65403 0.00000 2.68701 4.65403
4.65403 4.65403 5.37401 4.65403 4.65403 3.80000 2.68701 2.68701 3.80000 2.68701 0.00000 2.68701
5.37401 2.68701 4.65403 3.80000 4.65403 4.65403 2.68701 3.80000 2.68701 4.65403 2.68701 0.00000

----------------------------------------------------------------------------------------------------
Atom 6
----------------------------------------------------------------------------------------------------
0.00000 4.65403 2.68701 4.65403 2.68701 4.65403 5.37401 3.80000 3.80000 4.65403 2.68701 2.68701
4.65403 0.00000 4.65403 3.80000 5.37401 4.65403 2.68701 2.68700 4.65403 2.68701 2.68700 3.80000
2.68701 4.65403 0.00000 2.68701 2.68701 3.80000 4.65403 2.68701 4.65403 5.37401 3.80000 4.65403
4.65403 3.80000 2.68701 0.00000 3.80000 2.68701 2.68700 2.68701 4.65403 4.65403 4.65403 5.37401
2.68701 5.37401 2.68701 3.80000 0.00000 2.68701 4.65403 4.65403 2.68701 4.65403 4.65403 3.80000
4.65403 4.65403 3.80000 2.68701 2.68701 0.00000 2.68700 4.65403 2.68701 3.80000 5.37401 4.65403
5.37401 2.68701 4.65403 2.68700 4.65403 2.68700 0.00000 3.80000 3.80000 2.68701 4.65403 4.65403
3.80000 2.68700 2.68701 2.68701 4.65403 4.65403 3.80000 0.00000 5.37401 4.65403 2.68701 4.65403
3.80000 4.65403 4.65403 4.65403 2.68701 2.68701 3.80000 5.37401 0.00000 2.68700 4.65403 2.68701
4.65403 2.68701 5.37401 4.65403 4.65403 3.80000 2.68701 4.65403 2.68700 0.00000 3.80000 2.68700
2.68701 2.68700 3.80000 4.65403 4.65403 5.37401 4.65403 2.68701 4.65403 3.80000 0.00000 2.68701
2.68701 3.80000 4.65403 5.37401 3.80000 4.65403 4.65403 4.65403 2.68701 2.68700 2.68701 0.00000

----------------------------------------------------------------------------------------------------
Atom 7
----------------------------------------------------------------------------------------------------
0.00000 3.80000 2.68700 2.68701 4.65403 2.68700 2.68701 4.65403 3.80000
3.80000 0.00000 2.68701 2.68700 2.68701 4.65403 4.65403 4.65403 5.37401
2.68700 2.68701 0.00000 3.80000 4.65403 2.68701 4.65403 5.37401 4.65403
2.68701 2.68700 3.80000 0.00000 2.68700 4.65403 2.68701 3.80000 4.65403
4.65403 2.68701 4.65403 2.68700 0.00000 5.37401 3.80000 2.68701 4.65403
2.68700 4.65403 2.68701 4.65403 5.37401 0.00000 3.80000 4.65403 2.68701
2.68701 4.65403 4.65403 2.68701 3.80000 3.80000 0.00000 2.68700 2.68700
4.65403 4.65403 5.37401 3.80000 2.68701 4.65403 2.68700 0.00000 2.68701
3.80000 5.37401 4.65403 4.65403 4.65403 2.68701 2.68700 2.68701 0.00000

